#Time(ms)  Value
39 49
40 48
65 48
72 49
80 49
94 49
106 49
112 48
129 48
132 48
136 48
167 48
182 48
190 48
191 48
192 48
193 48
201 48
203 48
210 48
217 48
220 48
233 48
234 48
236 48
273 48
287 49
299 48
308 0
311 48
314 48
321 48
322 48
336 48
338 48
340 48
358 48
374 48
377 49
379 48
380 48
381 49
384 48
387 48
396 48
407 48
410 48
437 48
461 48
462 48
463 48
477 49
483 49
517 47
518 48
547 47
551 48
562 47
564 47
571 51
577 50
583 49
586 51
591 46
598 47
607 45
614 44
619 54
624 46
629 48
633 52
636 43
650 44
657 50
662 46
674 52
677 44
681 45
685 45
687 46
709 51
716 46
728 48
735 51
736 47
739 51
740 48
744 49
749 47
750 43
759 56
761 42
767 54
787 54
790 48
792 44
796 43
804 48
858 48
867 48
872 48
873 48
875 48
879 48
884 49
888 48
907 48
917 49
918 46
924 50
927 63
936 42
945 49
947 47
970 43
974 49
976 42
981 50
1003 47
1032 53
1047 49
1090 48
1094 48
1115 48
1117 48
1145 45
1163 54
1176 47
1191 49
1192 44
1216 50
1223 52
1230 42
1239 45
1272 48
1279 49
1282 49
1283 49
1286 49
1293 48
1300 48
1312 48
1351 50
1358 46
1360 47
1365 50
1386 47
1396 51
1405 50
1410 47
1431 46
1433 48
1437 50
1437 49
1438 49
1438 48
1452 51
1482 46
1486 44
1490 52
1500 48
1503 52
1512 52
1544 49
1547 48
1580 49
1582 48
1589 50
1598 45
1601 45
1602 53
1615 53
1622 44
1629 49
1637 46
1643 45
1644 53
1666 48
1670 48
1681 48
1686 48
1697 48
1700 48
1707 49
1715 49
1720 49
1724 48
1733 48
1737 50
1759 54
1762 59
1763 45
1776 43
1831 49
1856 47
1858 46
1864 51
1866 47
1912 49
1922 49
1925 49
1928 49
1951 48
1955 48
1983 48
1989 48
2003 48
2010 48
2011 48
2012 48
2014 48
2027 48
2039 48
2051 48
2063 48
2071 48
2080 48
2086 48
2089 48
2095 48
2121 49
2122 48
2137 48
2145 48
2149 48
2168 48
2201 48
2202 48
2215 48
2222 48
2226 48
2236 48
2268 48
2282 48
2291 49
2293 48
2310 49
2319 49
2326 49
2334 48
2341 47
2342 49
2346 46
2360 46
2370 46
2395 48
2418 47
2438 48
2449 48
2470 49
2481 48
2493 48
2495 48
2501 49
2505 48
2517 48
2518 49
2522 48
2523 48
2524 48
2526 48
2530 48
2578 48
2586 48
2598 48
2623 48
2625 48
2637 48
2644 48
2661 49
2670 48
2695 49
2711 48
2716 49
2727 48
2738 49
2741 49
2758 49
2759 49
2760 48
2776 48
2781 48
2784 49
2787 49
2798 48
2802 48
2811 48
2814 48
2824 49
2873 48
2874 48
2877 48
2897 48
2910 48
2921 48
2939 48
2942 48
2953 48
2958 48
2992 48
3004 48
3005 48
3011 48
3014 48
3025 48
3027 48
3034 48
3045 48
3053 48
3056 49
3074 49
3132 49
3136 49
3149 48
3155 48
3194 48
3213 49
3214 48
3229 48
3267 48
3286 48
3291 48
3298 48
3304 48
3310 48
3321 48
3323 48
3350 48
3356 48
3372 48
3375 48
3386 48
3390 48
3399 48
3403 48
3421 48
3441 48
3445 49
3448 48
3456 48
3465 48
3468 48
3476 48
3478 48
3488 48
3491 48
3513 48
3527 48
3542 48
3548 48
3563 48
3572 48
3589 48
3592 48
3593 48
3600 48
3604 49
3618 48
3623 49
3632 49
3657 48
3665 48
3670 48
3672 48
3687 48
3694 48
3719 48
3724 48
3736 48
3749 48
3750 48
3786 48
3787 48
3805 48
3825 48
3839 49
3842 49
3880 49
3900 48
3903 48
3913 48
3919 48
3931 48
3938 48
3974 48
3987 48
4008 48
4018 48
4031 50
4034 49
4043 49
4050 54
4094 38
4097 35
4109 42
4123 47
4125 57
4128 58
4137 45
4144 53
4157 43
4168 55
4174 55
4212 50
4221 51
4224 51
4226 49
4231 49
4236 50
4243 49
4251 49
4254 47
4274 48
4280 49
4290 50
4292 48
4298 48
4302 50
4309 48
4313 51
4319 51
4334 47
4337 49
4344 49
4358 48
4387 49
4391 48
4393 48
4394 49
4395 49
4407 49
4421 49
4473 48
4486 49
4489 48
4491 48
4496 48
4502 48
4513 49
4515 49
4550 48
4551 48
4554 48
4563 48
4568 48
4580 48
4581 48
4583 49
4591 48
4613 48
4615 49
4640 48
4643 48
4655 49
4675 48
4686 48
4688 48
4689 48
4694 48
4698 48
4708 48
4721 48
4726 48
4739 48
4762 48
4764 48
4767 48
4780 48
4795 48
4803 48
4804 48
4824 48
4827 48
4832 48
4835 48
4846 48
4856 48
4874 48
4877 48
4894 48
4902 48
4922 48
4937 48
4959 48
4974 48
4980 48
4994 48
5012 48
5013 48
5018 48
5021 48
5023 48
5033 48
5049 48
5054 48
5059 48
5075 48
5078 48
5094 48
5101 48
5113 48
5116 48
5126 48
5131 48
5160 48
5174 48
5183 48
5194 48
5206 48
5209 49
5233 48
5236 48
5238 48
5247 48
5249 48
5252 48
5268 48
5274 48
5285 48
5288 48
5293 48
5327 48
5336 48
5343 48
5348 48
5352 48
5359 48
5370 48
5387 48
5388 48
5400 48
5414 48
5417 48
5435 48
5442 48
5447 48
5478 49
5480 45
5491 49
5493 49
5516 47
5525 50
5527 49
5533 48
5545 51
5548 46
5553 55
5557 41
5576 65
5582 35
5584 62
5600 37
5603 91
5605 37
5613 36
5639 51
5665 62
5677 224
5680 45
5719 32
5722 51
5726 32
5728 35
5743 51
5749 34
5753 66
5774 68
5776 84
5777 34
5781 61
5785 147
5802 35
5810 170
5844 52
5856 68
5861 121
5862 49
5863 39
5887 55
5901 36
5908 44
5912 38
5930 48
5940 37
5955 36
5958 92
5966 49
5980 39
5981 69
5994 52
6002 49
6005 51
6013 64
6016 48
6017 56
6018 40
6032 45
6041 38
6065 59
6069 72
6088 42
6152 51
6175 64
6177 60
6186 52
6193 42
6194 58
6205 39
6212 50
6217 60
6220 42
6237 42
6238 60
6243 39
6252 41
6256 40
6260 43
6264 64
6267 40
6282 48
6285 50
6298 47
6322 48
6346 59
6386 47
6388 45
6391 46
6402 55
6414 44
6422 45
6433 49
6435 50
6442 48
6449 48
6450 49
6453 49
6459 39
6468 48
6471 57
6475 44
6476 42
6518 44
6545 44
6549 54
6550 46
6552 48
6567 47
6581 45
6595 48
6603 51
6606 48
6615 51
6626 43
6652 48
6657 46
6672 50
6693 51
6702 47
6711 50
6714 48
6725 48
6751 48
6752 48
6761 50
6762 49
6764 48
6765 48
6770 48
6781 48
6795 48
6801 48
6815 48
6839 48
6841 48
6853 48
6868 48
6875 48
6876 48
6880 48
6885 49
6891 48
6893 48
6907 48
6924 54
6924 51
6924 52
6948 46
6961 48
6968 50
6982 49
7047 49
7052 48
7061 49
7062 49
7076 49
7077 48
7093 48
7110 49
7112 49
7116 48
7117 48
7121 48
7144 48
7146 48
7153 48
7165 48
7174 48
7188 48
7211 48
7224 48
7250 48
7262 48
7280 48
7285 48
7298 48
7311 48
7318 49
7330 48
7342 48
7347 49
7353 48
7368 48
7376 48
7393 48
7394 48
7401 49
7404 49
7406 48
7416 48
7417 48
7421 48
7441 48
7464 48
7465 48
7468 48
7483 48
7490 48
7494 48
7520 48
7524 48
7535 48
7538 48
7553 48
7556 48
7564 48
7567 48
7579 48
7589 48
7598 48
7615 48
7617 48
7626 48
7638 48
7649 48
7663 48
7667 48
7669 48
7715 49
7717 48
7756 48
7766 48
7782 48
7825 51
7834 162
7850 52
7867 51
7913 48
7920 49
7938 48
7963 48
7964 24
7995 152
8042 27
8043 282
8047 258
8048 23
8051 25
8078 119
8080 51
8083 80
8089 100
8099 113
8121 22
8131 63
8149 37
8181 28
8211 525
8215 26
8228 423
8255 174
8258 196
8263 292
8264 32
8268 417
8302 49
8320 40
8333 37
8334 234
8370 51
8437 32
8449 33
8451 61
8459 31
8469 31
8475 182
8493 58
8499 43
8503 61
8504 41
8525 54
8534 48
8540 51
8548 53
8550 51
8552 49
8559 50
8562 50
8572 51
8583 50
8584 51
8588 49
8592 50
8595 49
8668 49
8672 47
8676 48
8690 48
8697 49
8710 49
8721 49
8730 48
8737 48
8743 48
8758 48
8759 48
8783 49
8800 48
8805 49
8814 47
8818 49
8841 49
8866 48
8881 48
8885 48
8900 48
8922 48
8931 48
8939 48
8941 48
8949 47
8950 49
8952 48
8957 48
8959 47
8966 46
8979 47
8987 49
9017 49
9027 50
9032 49
9035 49
9037 48
9038 50
9040 48
9045 50
9051 49
9070 48
9088 48
9089 48
9103 48
9107 48
9118 48
9119 48
9146 49
9150 50
9157 47
9162 54
9166 60
9168 57
9175 44
9181 47
9182 47
9187 55
9200 47
9204 48
9207 47
9249 68
9251 67
9253 70
9259 67
9261 65
9268 38
9277 67
9280 38
9285 75
9296 39
9306 59
9318 67
9331 106
9333 79
9334 43
9356 45
9357 63
9359 75
9361 81
9367 70
9372 42
9378 64
9403 52
9424 39
9425 71
9462 49
9465 51
9483 45
9486 36
9498 83
9508 34
9517 54
9534 45
9545 52
9585 37
9601 57
9606 45
9607 55
9628 49
9629 42
9639 42
9649 66
9650 43
9652 59
9654 100
9665 91
9673 60
9687 42
9698 35
9702 35
9715 39
9742 52
9743 47
9759 47
9780 42
9782 101
9788 103
9792 34
9799 65
9809 43
9813 100
9820 44
9851 63
9855 147
9862 50
9863 42
9865 38
9870 77
9875 37
9879 37
9886 53
9888 51
9900 52
9919 44
9929 41
9931 30
9937 45
9973 34
9995 52
10001 59
10024 51
10031 48
10044 49
10059 32
10068 30
10080 93
10081 39
10087 111
10088 33
10093 57
10099 34
10106 53
10110 34
10126 48
10128 47
10134 51
10135 44
10137 39
10138 76
10155 92
10162 73
10165 41
10170 70
10180 36
10194 45
10196 48
10211 52
10214 47
10215 54
10227 37
10236 39
10247 82
10248 39
10250 40
10279 60
10280 43
10283 73
10290 37
10291 83
10294 40
10299 48
10304 44
10323 57
10334 46
10362 48
10371 48
10375 49
10381 48
10393 42
10398 39
10417 43
10427 48
10429 42
10433 59
10435 47
10444 58
10446 49
10461 52
10470 55
10474 48
10480 56
10483 55
10487 55
10499 48
10516 46
10529 45
10531 52
10535 55
10542 47
10545 45
10552 53
10558 48
10569 48
10571 48
10574 48
10602 48
10605 48
10615 48
10625 48
10627 48
10639 48
10658 47
10659 47
10663 46
10678 41
10679 64
10684 56
10694 41
10704 41
10709 56
10711 39
10712 75
10713 38
10717 43
10729 48
10733 53
10743 51
10755 52
10758 47
10768 46
10776 48
10778 47
10780 51
10782 46
10786 47
10787 47
10796 48
10800 50
10817 45
10818 49
10820 46
10822 46
10836 45
10837 60
10845 44
10848 47
10869 46
10871 47
10888 49
10901 50
10903 48
10905 51
10906 51
10908 48
10911 52
10924 47
10941 46
10952 47
10953 49
10981 51
10989 56
10990 48
10995 45
10998 46
11001 47
11003 50
11016 46
11035 46
11055 46
11067 49
11069 45
11097 50
11113 50
11121 47
11124 50
11164 47
11165 49
11181 47
11192 50
11202 46
11203 52
11216 46
11221 49
11222 48
11223 45
11227 52
11229 48
11232 48
11254 49
11256 49
11264 48
11265 49
11287 49
11290 49
11291 48
11297 49
11298 48
11300 48
11301 48
11303 48
11304 49
11313 48
11320 48
11324 48
11339 49
11342 49
11415 45
11417 53
11431 47
11438 53
11442 52
11457 46
11460 47
11480 48
11492 46
11500 45
11520 50
11534 52
11550 48
11557 48
11569 48
11570 48
11573 48
11577 48
11587 49
11588 48
11593 51
11611 50
11626 45
11630 45
11631 50
11691 47
11703 46
11706 46
11718 45
11743 44
11753 44
11762 48
11774 48
11783 56
11791 49
11793 46
11800 53
11813 47
11814 46
11822 47
11830 50
11836 50
11845 49
11851 49
11862 46
11870 47
11879 45
11918 47
11923 48
11927 48
11930 48
11960 47
11963 48
11976 48
11979 48
11980 48
11985 49
12005 39
12006 50
12015 73
12019 49
12022 46
12038 39
12050 41
12057 50
12070 52
12098 48
12100 49
12114 49
12121 49
12125 48
12141 50
12142 48
12145 46
12151 57
12156 53
12158 45
12161 46
12162 55
12175 47
12195 47
12205 46
12215 47
12224 45
12246 47
12274 53
12289 42
12314 46
12315 54
12317 49
12347 48
12353 48
12363 49
12367 48
12373 49
12393 52
12418 54
12419 49
12447 48
12447 46
12460 51
12468 40
12471 47
12482 44
12488 44
12489 55
12492 52
12494 48
12522 48
12530 48
12542 49
12546 48
12554 48
12558 49
12568 49
12580 47
12591 48
12596 48
12603 48
12608 48
12610 48
12615 48
12634 61
12656 67
12665 42
12671 43
12684 57
12696 58
12697 42
12707 40
12708 40
12709 43
12710 42
12721 46
12726 41
12729 50
12739 57
12743 47
12752 46
12754 50
12763 46
12764 50
12769 51
12783 49
12793 55
12809 47
12823 42
12829 51
12833 80
12844 50
12854 46
12857 72
12861 49
12872 44
12898 52
12906 45
12918 44
12922 45
12923 60
12944 43
12961 47
12967 46
12968 50
12973 47
12982 46
12995 50
13001 59
13011 45
13018 58
13028 53
13051 44
13054 48
13069 48
13071 45
13076 50
13090 60
13112 55
13121 53
13127 51
13135 50
13146 48
13150 47
13165 49
13172 48
13184 49
13199 49
13203 48
13206 48
13207 48
13212 48
13220 53
13240 41
13248 43
13256 42
13257 43
13261 47
13266 58
13274 47
13276 45
13279 43
13300 53
13315 49
13331 48
13332 48
13337 47
13338 48
13346 48
13354 48
13378 48
13392 48
13394 48
13403 48
13404 48
13406 48
13413 48
13427 49
13453 48
13455 48
13462 48
13496 48
13499 48
13500 48
13501 48
13513 48
13514 48
13517 48
13524 48
13527 48
13528 48
13534 48
13537 48
13548 48
13562 48
13566 48
13567 48
13572 49
13579 48
13581 49
13596 48
13602 48
13603 48
13606 48
13622 49
13628 48
13630 48
13636 48
13641 48
13659 49
13671 48
13684 48
13691 48
13699 48
13713 48
13720 48
13727 49
13770 48
13786 48
13810 48
13812 48
13815 48
13827 48
13838 48
13843 48
13867 48
13885 48
13888 48
13894 49
13902 48
13912 48
13913 48
13920 48
13926 48
13942 48
13946 48
13949 48
13951 48
13968 48
13976 48
13990 48
13993 48
13997 48
14004 48
14006 48
14014 48
14026 48
14040 48
14063 48
14103 48
14108 48
14117 48
14120 48
14124 48
14136 48
14153 48
14159 48
14166 48
14168 48
14169 48
14171 48
14177 48
14182 48
14186 48
14191 48
14198 48
14200 48
14257 48
14258 48
14264 48
14266 48
14268 48
14277 48
14279 48
14286 48
14294 48
14296 48
14302 48
14303 48
14309 48
14316 48
14324 48
14335 48
14340 48
14345 48
14348 48
14349 48
14359 48
14360 48
14367 48
14381 48
14410 48
14421 48
14424 48
14429 48
14431 48
14433 48
14454 48
14455 48
14459 48
14471 48
14479 48
14497 48
14498 48
14501 48
14536 48
14540 48
14542 49
14554 48
14560 49
14562 48
14568 48
14569 48
14582 48
14583 48
14591 48
14595 48
14600 48
14621 48
14626 48
14636 48
14639 48
14642 48
14666 48
14677 48
14693 48
14710 48
14712 48
14733 48
14736 48
14741 48
14742 48
14746 48
14752 48
14754 48
14764 48
14767 48
14769 48
14770 48
14773 48
14782 48
14796 48
14838 48
14846 48
14848 48
14852 48
14853 48
14863 48
14867 48
14875 48
14876 48
14878 48
14880 48
14885 48
14888 48
14927 48
14952 48
14960 48
14963 48
14965 48
14969 48
14974 48
14976 48
15008 48
15010 48
15016 48
15030 48
15049 48
15050 48
15056 48
15059 48
15070 48
15088 48
15098 48
15106 48
15136 48
15138 48
15148 48
15153 48
15160 48
15223 48
15227 48
15237 48
15257 48
15261 48
15263 48
15266 48
15294 48
15298 48
15310 48
15312 48
15318 48
15321 48
15321 48
15325 48
15329 48
15331 48
15342 48
15353 48
15369 48
15371 48
15374 48
15397 48
15403 48
15414 48
15420 48
15427 48
15428 48
15441 48
15442 48
15444 48
15454 48
15455 48
15463 48
15473 48
15494 48
15504 48
15517 48
15532 48
15535 48
15539 49
15548 48
15552 48
15561 48
15566 48
15584 48
15629 48
15632 48
15639 48
15641 48
15658 48
15662 48
15663 48
15669 48
15722 48
15724 48
15740 48
15748 49
15754 48
15756 48
15770 48
15822 48
15834 48
15836 48
15855 48
15867 48
15869 48
15872 48
15877 48
15880 48
15881 48
15885 48
15889 48
15890 48
15901 48
15913 48
15918 49
15947 48
15958 48
15960 48
15982 48
16015 48
16018 48
16022 48
16026 48
16027 48
16030 49
16039 48
16043 48
16064 48
16079 48
16080 48
16096 48
16120 48
16130 48
16158 48
16162 48
16170 48
16181 48
16185 48
16188 48
16200 48
16216 48
16219 48
16251 49
16256 48
16259 48
16269 48
16277 48
16281 48
16282 48
16292 48
16305 48
16310 48
16314 48
16317 48
16325 48
16327 48
16337 48
16340 48
16352 48
16353 48
16360 48
16371 48
16375 48
16381 48
16384 48
16386 48
16391 48
16397 48
16398 48
16399 48
16403 48
16410 48
16418 48
16419 48
16430 48
16432 48
16442 48
16446 48
16453 48
16484 49
16486 48
16487 49
16488 48
16492 48
16499 48
16515 49
16517 48
16518 48
16524 48
16535 48
16546 46
16549 51
16551 49
16557 46
16566 50
16567 45
16577 52
16593 47
16595 44
16616 47
16656 61
16661 47
16662 46
16664 48
16681 51
16685 40
16693 49
16694 57
16696 56
16698 46
16708 47
16709 58
16712 45
16718 44
16734 46
16742 54
16747 50
16754 47
16755 46
16780 45
16784 50
16786 44
16800 48
16806 52
16813 52
16816 54
16846 46
16869 48
16875 48
16882 48
16891 49
16907 48
16915 49
16917 48
16918 48
16938 49
16939 48
16944 48
16951 48
16958 50
16965 45
16975 45
16983 46
16988 44
16994 48
16995 44
17019 50
17033 47
17037 50
17061 47
17091 47
17112 48
17117 48
17122 46
17125 47
17138 49
17140 48
17141 49
17146 50
17147 46
17157 47
17161 51
17182 57
17190 48
17206 44
17237 41
17240 42
17280 52
17281 46
17283 48
17293 43
17319 49
17324 47
17344 51
17346 48
17348 47
17349 49
17355 48
17361 48
17372 48
17392 48
17393 49
17395 48
17399 48
17413 58
17416 50
17439 47
17441 48
17444 43
17491 44
17494 47
17496 43
17505 48
17513 48
17523 49
17525 49
17542 48
17560 48
17577 48
17592 48
17603 47
17618 58
17643 45
17669 41
17673 45
17674 50
17699 53
17708 47
17710 51
17721 45
17722 46
17738 46
17745 48
17787 53
17790 50
17814 47
17820 47
17829 45
17852 46
17874 43
17877 44
17878 58
17881 54
17891 55
17892 45
17893 46
17908 49
17928 49
17930 48
17948 48
17949 47
17964 49
17970 48
17974 48
17978 48
17980 48
17982 49
17989 50
17991 47
17992 47
17997 44
18011 55
18033 45
18035 48
18038 44
18039 50
18051 46
18066 52
18071 45
18075 55
18106 46
18108 55
18120 42
18123 40
18178 60
18196 52
18201 50
18220 53
18249 48
18277 51
18306 51
18315 49
18328 47
18335 47
18338 48
18368 45
18403 46
18407 50
18408 49
18420 50
18426 48
18437 49
18438 48
18454 48
18455 48
18478 48
18483 49
18484 48
18487 48
18491 49
18497 48
18504 49
18511 49
18514 46
18536 47
18538 47
18539 47
18540 52
18548 45
18550 48
18557 44
18567 49
18575 45
18578 46
18579 46
18582 45
18585 45
18593 52
18604 47
18607 48
18617 46
18620 46
18637 46
18641 51
18643 47
18651 45
18655 52
18660 47
18674 47
18686 53
18696 47
18700 46
18714 51
18720 53
18722 46
18728 47
18733 51
18738 50
18752 52
18761 49
18763 50
18766 51
18778 49
18790 46
18821 51
18831 49
18838 46
18840 47
18843 46
18847 51
18888 45
18899 46
18903 50
18907 46
18918 45
18930 48
18934 51
18936 48
18943 52
18957 47
18978 48
18988 48
18992 48
19010 47
19012 50
19030 49
19031 50
19036 47
19046 50
19051 46
19054 48
19065 47
19072 46
19073 46
19076 46
19080 47
19088 52
19094 49
19116 46
19130 52
19142 49
19151 46
19152 48
19158 45
19160 49
19167 49
19178 44
19181 48
19192 46
19201 50
19207 45
19209 53
19222 49
19224 46
19232 52
19233 51
19264 47
19267 48
19285 48
19301 48
19311 50
19318 47
19319 48
19324 51
19325 49
19327 47
19340 47
19343 47
19348 47
19354 51
19355 49
19381 46
19390 49
19395 46
19396 51
19398 47
19408 48
19427 52
19433 46
19436 45
19448 48
19450 51
19453 46
19470 52
19471 54
19471 49
19471 52
19494 48
19496 42
19515 56
19536 44
19538 47
19546 48
19548 48
19559 48
19566 48
19576 48
19590 48
19591 47
19598 47
19611 50
19628 47
19633 48
19642 48
19649 47
19650 47
19657 48
19666 47
19668 48
19670 48
19676 47
19677 48
19710 49
19714 51
19723 47
19742 47
19748 50
19750 47
19758 50
19780 47
19794 47
19798 51
19826 45
19836 48
19846 49
19849 48
19852 48
19913 48
19926 49
19958 50
19980 51
19981 44
19999 44
20003 49
20014 44
20016 43
20022 40
20025 44
20026 55
20032 47
20035 47
20048 48
20053 48
20083 48
20088 48
20110 49
20111 48
20112 48
20127 48
20134 49
20154 49
20171 48
20179 47
20194 53
20195 47
20201 51
20215 50
20222 48
20228 52
20237 47
20258 51
20305 47
20307 51
20314 52
20319 47
20324 51
20331 48
20358 47
20365 46
20368 48
20371 48
20388 50
20392 48
20396 47
20398 49
20406 48
20419 49
20422 47
20442 48
20448 46
20457 48
20467 47
20469 51
20471 46
20479 50
20507 46
20515 52
20525 51
20543 47
20552 49
20563 49
20581 50
20586 48
20587 47
20588 49
20590 47
20601 47
20611 51
20635 51
20637 46
20697 48
20700 47
20705 50
20734 47
20747 46
20757 47
20766 50
20770 47
20787 47
20789 49
20795 47
20796 51
20802 45
20803 53
20805 47
20827 52
20841 49
20860 45
20865 46
20897 47
20901 49
20904 47
20916 47
20934 48
20935 47
20945 47
20967 49
20974 50
20977 48
20995 48
21008 48
21012 47
21013 47
21021 49
21025 51
21026 48
21034 47
21039 49
21040 50
21061 50
21064 49
21077 50
21089 49
21111 49
21112 48
21116 48
21129 49
21135 48
21136 47
21141 50
21162 49
21165 47
21214 47
21215 51
21222 51
21227 47
21241 47
21252 48
21259 48
21261 50
21268 51
21270 47
21279 49
21284 47
21293 49
21305 47
21333 47
21337 49
21342 47
21350 46
21351 50
21356 48
21360 48
21365 50
21374 47
21376 49
21380 48
21383 49
21399 48
21415 48
21419 48
21436 48
21442 48
21445 48
21453 48
21454 48
21459 48
21475 48
21476 48
21489 48
21498 48
21520 48
21521 48
21541 48
21592 48
21606 46
21609 48
21613 49
21623 47
21623 50
21641 47
21641 46
21645 47
21649 49
21667 48
21669 49
21700 48
21750 48
21751 50
21768 52
21768 47
21768 50
21768 48
21808 46
21818 45
21859 46
21859 51
21859 48
21859 47
21864 47
21865 48
21876 50
21899 48
21901 49
21908 51
21912 51
21925 49
21927 51
21931 50
21940 48
21942 50
21944 48
21951 48
21954 49
21956 47
21961 48
21964 47
21974 48
21975 49
21985 49
21998 48
22005 48
22019 48
22020 48
22022 48
22023 48
22038 47
22039 50
22058 53
22061 52
22062 42
22089 49
22099 53
22110 47
22128 47
22134 49
22138 48
22144 47
22147 49
22150 48
22152 48
22166 48
22176 49
22180 46
22184 51
22186 48
22199 49
22200 46
22213 49
22260 48
22268 48
22274 49
22286 48
22295 48
22318 48
22343 47
22345 47
22371 47
22375 47
22376 48
22385 47
22391 50
22393 47
22397 47
22399 49
22402 50
22411 48
22420 45
22427 50
22453 51
22493 48
22498 51
22499 46
22500 49
22503 46
22526 46
22537 48
22543 50
22548 48
22553 49
22554 47
22572 50
22575 47
22577 49
22579 47
22582 48
22585 49
22589 48
22600 48
22628 48
22632 48
22645 48
22667 49
22675 49
22680 47
22762 50
22793 47
22808 48
22817 48
22849 48
22853 48
22867 48
22868 50
22870 48
22875 49
22877 48
22878 48
22882 47
22888 48
22925 47
22944 48
22950 48
22952 49
22953 48
22980 48
22982 49
22992 48
22998 48
23019 48
23030 48
23031 48
23036 48
23050 48
23066 48
23074 48
23076 48
23105 48
23117 48
23138 48
23144 48
23148 48
23154 48
23164 48
23168 48
23175 48
23179 48
23183 48
23189 48
23198 48
23205 48
23206 48
23211 48
23225 48
23231 48
23237 48
23239 48
23241 48
23246 48
23250 48
23258 49
23275 48
23278 48
23282 48
23299 48
23307 48
23315 48
23319 48
23336 48
23346 48
23349 48
23352 48
23355 48
23357 48
23359 48
23360 48
23362 48
23365 48
23366 48
23398 49
23407 48
23409 48
23435 48
23443 48
23473 48
23475 48
23500 48
23502 48
23504 48
23512 48
23517 48
23529 48
23531 48
23562 48
23564 48
23565 48
23585 48
23586 48
23593 48
23602 48
23616 48
23618 48
23619 48
23620 48
23645 48
23653 48
23658 48
23663 48
23664 48
23665 48
23691 48
23709 48
23712 48
23722 48
23734 48
23741 48
23744 48
23752 49
23762 48
23767 48
23812 48
23824 48
23836 48
23838 48
23860 48
23861 49
23872 48
23875 48
23877 48
23878 48
23927 48
23930 48
23934 48
23942 49
23956 48
23969 48
23973 48
23978 48
24009 48
24020 48
24022 48
24039 48
24049 48
24064 48
24065 48
24074 48
24091 49
24092 48
24097 48
24107 48
24110 48
24111 48
24114 48
24125 48
24131 48
24135 48
24136 48
24139 48
24144 48
24150 48
24162 48
24202 48
24210 48
24223 48
24253 48
24268 48
24284 48
24285 48
24289 48
24290 48
24295 48
24306 48
24314 48
24315 48
24319 48
24333 48
24334 48
24342 48
24355 48
24356 48
24359 48
24372 48
24373 48
24375 48
24382 48
24394 48
24398 48
24402 48
24410 48
24431 48
24432 48
24436 48
24445 48
24452 48
24469 48
24470 48
24474 48
24501 48
24503 48
24513 48
24517 48
24527 48
24532 48
24537 48
24540 48
24543 48
24544 48
24549 48
24550 48
24566 48
24588 48
24598 48
24608 48
24616 48
24619 48
24645 48
24646 48
24656 48
24671 48
24677 48
24692 48
24702 48
24710 48
24713 48
24715 48
24717 48
24718 48
24743 48
24744 48
24746 48
24747 48
24752 48
24757 48
24758 48
24771 48
24781 48
24785 48
24787 48
24788 48
24795 48
24809 48
24814 48
24819 48
24825 48
24829 48
24832 48
24838 48
24842 48
24844 48
24857 48
24860 48
24870 48
24871 48
24877 48
24880 48
24881 48
24886 48
24903 48
24905 48
24910 48
24919 48
24938 48
24952 48
24961 48
24993 48
25006 48
25011 48
25024 48
25033 48
25056 48
25061 48
25064 48
25082 48
25089 48
25093 48
25102 48
25105 48
25106 48
25136 48
25173 48
25179 48
25214 48
25226 48
25231 48
25234 48
25235 48
25242 48
25243 48
25245 48
25249 48
25263 48
25269 48
25274 48
25276 48
25283 48
25288 48
25290 48
25330 48
25334 48
25344 48
25345 48
25348 48
25361 49
25374 48
25397 48
25405 48
25413 48
25427 48
25431 48
25436 48
25439 48
25442 48
25443 48
25446 48
25481 48
25499 48
25506 48
25509 48
25526 48
25531 48
25546 48
25552 48
25553 48
25556 48
25564 48
25572 48
25573 48
25596 48
25622 48
25637 48
25647 48
25664 48
25670 48
25678 48
